14
0 0 0 4 0 0 0 3 0 4 0 1 0 0
0 2 5 7 4 1 0 0 0 2 0 0 2 3
5 0 0 0 0 2 0 6 0 0 3 0 0 0
4 0 0 0 4 0 4 0 2 3 4 0 1 7
0 0 3 0 2 6 0 1 0 1 0 0 0 1
0 4 0 3 0 0 0 3 0 0 0 0 6 0
6 1 6 1 0 0 4 0 5 1 0 0 5 0
0 0 3 0 0 0 0 4 7 5 0 3 0 2
0 4 0 0 3 0 0 0 0 0 0 0 0 0
0 0 4 7 0 1 5 2 0 0 3 0 6 7
0 0 0 0 1 4 0 0 4 2 0 6 0 5
0 0 0 0 6 0 7 2 0 6 0 0 0 4
2 6 4 0 0 0 0 0 3 0 2 0 0 0
1 0 2 3 0 0 2 0 0 0 0 6 3 0
1 1 1 1 16 16 16 16 31 32 35 35 35 44
1 1 11 11 16 18 18 18 32 32 36 37 44 44
1 2 11 11 11 11 21 19 32 32 32 37 37 44
2 2 2 12 11 19 19 19 19 19 37 37 37 37
3 4 12 12 12 12 22 22 22 33 33 38 45 45
4 4 4 4 14 12 23 24 24 24 38 38 41 41
5 8 8 14 14 14 24 24 24 34 34 41 41 41
5 5 8 8 14 20 20 20 20 20 34 41 41 46
5 5 8 8 13 13 20 28 28 20 39 39 46 46
5 5 13 13 13 13 13 29 29 29 30 42 47 47
6 9 9 15 15 17 25 30 30 30 30 30 47 47
6 9 7 7 17 17 26 26 26 26 26 43 47 47
7 7 7 10 10 17 17 26 27 26 40 40 47 40
7 10 10 10 17 17 27 27 27 27 40 40 40 40
